 IT          TRACE                ETOT                 EKIN+ENONLOC          CHARGE              EDFT+SIC              LOWEST
   1          0.000000000       -114.980120547        114.318003069         21.999999266       -115.829376023       -115.829376023
   2        -71.019194260       -114.947050514        115.140049595         21.999999567       -115.883425098       -115.883425098
   3        -71.123184155       -114.936001088        115.353815447         21.999999645       -115.887559734       -115.887559734
   4        -72.856446978       -114.873089608        116.273623220         21.999999799       -115.855582962       -115.887559734
   5        -70.789131772       -114.930803767        115.377627068         21.999999671       -115.887709837       -115.887709837
   6        -70.237663374       -114.945605496        114.936495656         21.999999609       -115.886446877       -115.887709837
   7        -70.151915372       -114.946856998        114.805933794         21.999999585       -115.882065563       -115.887709837
   8        -70.148977282       -114.946482794        114.784786316         21.999999579       -115.880084466       -115.887709837
   9        -70.153210457       -114.946347216        114.792104530         21.999999578       -115.879724937       -115.887709837
  10        -70.203217224       -114.946999109        114.828748235         21.999999586       -115.881922482       -115.887709837
  11        -70.223103667       -114.947241699        114.846683783         21.999999590       -115.883030888       -115.887709837
  12        -70.219047715       -114.947476217        114.848821126         21.999999592       -115.883657129       -115.887709837
  13        -70.283685211       -114.947481690        114.887710701         21.999999598       -115.884983064       -115.887709837
  14        -70.308972283       -114.947324705        114.909031741         21.999999601       -115.885479497       -115.887709837
  15        -70.308675248       -114.947250992        114.912176291         21.999999602       -115.885452830       -115.887709837
  16        -70.361332794       -114.946970014        114.943298739         21.999999607       -115.886312134       -115.887709837
  17        -70.414684677       -114.946461501        114.979968492         21.999999614       -115.887251292       -115.887709837
  18        -70.433922369       -114.946102718        114.997462739         21.999999617       -115.887651929       -115.887709837
  19        -70.440020133       -114.945942657        115.003985347         21.999999619       -115.887779314       -115.887779314
  20        -70.442722339       -114.945876435        115.006746503         21.999999619       -115.887822753       -115.887822753
  21        -70.444980303       -114.945833211        115.008597311         21.999999619       -115.887852866       -115.887852866
  22        -70.448262259       -114.945784309        115.010743506         21.999999620       -115.887886673       -115.887886673
  23        -70.450008355       -114.945753281        115.012066914         21.999999620       -115.887905694       -115.887905694
  24        -70.450235856       -114.945744040        115.012408958         21.999999620       -115.887910090       -115.887910090
  25        -70.449947088       -114.945747472        115.012262729         21.999999620       -115.887906354       -115.887910090
  26        -70.449832213       -114.945752918        115.012120854         21.999999620       -115.887901358       -115.887910090
  27        -70.449833257       -114.945755178        115.012088824         21.999999620       -115.887899304       -115.887910090
  28        -70.449765288       -114.945756086        115.012053732         21.999999620       -115.887898772       -115.887910090
  29        -70.449689889       -114.945756716        115.012010580         21.999999620       -115.887898574       -115.887910090
  30          0.000000000       -114.945756716        115.012010580         21.999999620       -115.887898574       -115.887910090
  31          0.000000000       -114.945756716        115.012010580         21.999999620       -115.993753670       -115.993753670
  32          0.000000000       -114.945756716        115.012010580         21.999999620       -116.376476586       -116.376476586
  33          0.000000000       -114.945756716        115.012010580         21.999999620       -116.377998509       -116.377998509
  34          0.000000000       -114.945756716        115.012010580         21.999999620       -116.382675125       -116.382675125
  35          0.000000000       -114.945756716        115.012010580         21.999999620       -116.387459689       -116.387459689