  5       5
   0.0000000000000000        0.0000000000000000        0.0000000000000000     
   1.2265460953713494       0.95879731507086485        0.0000000000000000     
  -1.2265460953713494       0.95879731507086485        0.0000000000000000     
   9.8690853618931581E-005 -0.84709659045951247       -1.0165159441533127     
  -1.5276582823942571E-005 -0.84709659045951247        1.0165159488293354     
   0.0000000000000000        0.0000000000000000        0.0000000000000000     
   9.8690853618931581E-005 -0.84709659045951247       -1.0165159441533127     
  -1.5276582823942571E-005 -0.84709659045951247        1.0165159488293354     
   1.2265461383759642       0.95879734868779065        0.0000000000000000     
  -1.2265461383759642       0.95879734868779065        0.0000000000000000     
