  IT          TRACE                ETOT                 EKIN+ENONLOC          CHARGE              EDFT+SIC              LOWEST
   1        -42.416153386        -76.326968147         76.469793374          9.999999301        -76.326968147          0.000000000
   2        -40.529422883        -76.287479323         74.155137275          9.999999484        -76.287479323        -76.326968147
   3        -41.037801666        -76.360861763         75.120435771          9.999999577        -76.360861763        -76.287479323
   4        -41.547677518        -76.386605548         76.071092878          9.999999652        -76.386605548        -76.360861763
   5        -41.579433885        -76.387012272         76.156784862          9.999999660        -76.387012272        -76.386605548
   6        -41.537373241        -76.387091483         76.105263133          9.999999659        -76.387091483        -76.387012272
   7        -41.535132409        -76.387091342         76.101118384          9.999999659        -76.387091342        -76.387091483
   8        -41.541270575        -76.387093972         76.111112778          9.999999661        -76.387093972        -76.387091342
  IT          TRACE                ETOT                 EKIN+ENONLOC          CHARGE              EDFT+SIC              LOWEST
   1          0.000000000        -76.387093972         76.111112778          9.999999661        -76.325884480          0.000000000
   2        -47.383872787        -76.377766430         75.943917202          9.999999707        -76.336806819        -76.325884480
   3        -47.434397301        -76.376079958         76.027004027          9.999999708        -76.337098863        -76.336806819
   4        -47.441559320        -76.375691097         76.055957777          9.999999706        -76.337109578        -76.337098863
   5        -47.324136604        -76.375845538         75.998150088          9.999999702        -76.337049496        -76.337109578
   6        -47.312036177        -76.376132863         76.000962346          9.999999700        -76.337038707        -76.337049496
   7        -47.315234163        -76.376185290         76.002987681          9.999999700        -76.337041096        -76.337038707
   8        -47.332770384        -76.376285169         76.024925697          9.999999700        -76.337087551        -76.337041096
   9        -47.303951079        -76.376194186         75.999998287          9.999999700        -76.337026990        -76.337087551
  10        -47.374868090        -76.376350868         76.064567671          9.999999702        -76.337132117        -76.337026990
  11        -47.381393225        -76.376294921         76.083303549          9.999999703        -76.337128855        -76.337132117
  12        -47.365402178        -76.376255647         76.070377576          9.999999703        -76.337133358        -76.337128855
  13        -47.358580387        -76.376246217         76.060102340          9.999999702        -76.337132539        -76.337133358
  14        -47.369783782        -76.376261648         76.069168121          9.999999702        -76.337133952        -76.337132539
